This will generates a list of 1,000 random integers.
824
8
348
588
185
954
673
189
162
956
829
720
763
360
910
165
53
278
44
299
745
479
793
255
509
637
790
964
63
638
953
273
690
299
117
217
920
155
946
166
11
795
848
775
12
993
12
887
421
482
684
102
836
893
956
420
958
828
994
95
395
206
388
828
720
722
91
451
574
467
635
746
260
386
628
203
825
199
402
327
619
584
739
428
930
483
718
774
919
403
472
603
60
233
430
117
539
277
372
91
508
748
273
168
579
207
56
451
166
454
285
786
897
934
832
375
584
737
333
783
856
821
43
587
170
820
249
251
866
556
647
53
248
497
128
289
955
854
907
579
108
610
249
529
362
489
501
5
315
134
468
101
16
724
724
921
674
717
191
439
892
660
696
684
235
362
34
138
116
557
234
214
503
406
605
935
531
595
116
691
734
497
207
298
48
91
371
734
302
953
186
588
362
373
412
192
134
168
79
949
301
782
819
39
610
739
260
879
15
407
283
842
747
900
261
580
64
170
179
667
977
399
969
919
364
488
140
487
526
728
203
774
384
203
837
556
722
802
902
99
591
704
877
508
919
191
411
302
568
259
124
528
232
501
766
802
316
690
769
11
339
194
255
886
260
572
758
308
988
373
112
400
243
969
474
169
625
727
684
682
935
738
905
394
132
492
77
928
330
927
868
194
256
302
600
91
426
732
466
640
720
770
854
9
727
391
354
541
404
345
403
106
264
537
840
436
852
281
150
784
43
730
705
891
635
947
608
438
721
753
7
724
721
902
361
895
632
198
725
787
570
392
730
787
494
111
331
932
272
622
786
786
387
264
973
710
823
667
208
860
123
241
368
812
413
4
868
600
781
541
370
802
217
857
210
143
973
543
816
34
406
59
745
449
922
376
35
995
465
287
679
345
159
309
29
473
483
329
612
521
812
65
972
549
235
398
938
440
907
473
744
98
103
177
139
129
70
152
603
613
22
63
427
556
853
675
270
862
306
510
805
706
756
517
365
837
150
517
915
597
573
274
104
894
509
895
682
919
464
656
832
376
861
405
811
177
246
528
96
519
63
328
681
249
486
442
858
376
999
108
3
313
417
123
718
419
804
63
999
449
15
392
11
659
698
198
989
99
437
174
619
209
67
448
359
45
997
443
87
799
298
132
132
23
464
355
213
466
526
284
744
793
438
371
530
138
500
293
197
251
144
567
839
9
843
95
397
951
683
428
512
727
889
2
358
81
905
446
339
94
662
829
871
443
75
247
400
585
357
335
546
244
813
473
400
14
205
759
875
850
814
498
655
636
164
869
980
626
486
205
792
617
604
844
161
351
613
444
448
695
599
234
940
688
168
1
809
901
985
557
392
655
944
289
661
714
297
910
225
359
913
754
265
488
829
476
311
529
261
591
38
666
76
817
288
566
159
60
990
588
174
26
273
107
165
800
407
685
949
709
795
24
661
336
121
169
848
453
882
961
133
566
9
906
811
524
899
963
261
445
246
848
687
750
426
887
294
617
91
420
866
813
688
575
665
672
602
398
789
941
812
103
986
37
178
669
431
789
223
927
777
150
271
54
116
517
578
297
938
314
571
548
512
976
683
801
876
356
236
780
15
737
908
996
333
576
860
473
999
971
1
997
350
85
117
809
865
900
299
607
759
14
74
3
236
257
696
918
194
99
189
523
14
298
397
42
79
519
952
789
879
110
982
122
535
518
233
531
350
331
793
47
88
816
132
248
39
878
435
858
29
931
849
434
406
91
42
618
491
160
910
75
24
982
378
603
353
234
155
419
727
53
128
754
397
270
936
553
913
546
37
246
754
144
499
94
491
287
210
603
235
991
846
393
394
28
839
332
262
23
817
742
123
778
123
954
412
172
528
734
800
371
954
212
604
328
28
190
605
540
292
77
587
769
714
609
314
325
821
334
415
610
867
517
284
285
845
866
731
670
490
410
38
235
314
597
853
150
511
28
730
359
695
1
352
924
292
832
875
220
521
223
836
4
827
162
924
596
377
719
132
121
952
394
63
281
862
65
788
909
732
958
437
63
178
607
992
732
332
149
162
921
304
392
633
564
712
195
420
344
575
809
33
244
77
69
856
799
405
40
660
631
412
577
469
150
573
134
305
241
79
781
433
29
600
944
614
614
246
122
855
33
496
876
576
944
486
102
283
199
661
426
984
582
753
5
618
924
383
896
532
274
452
731
786
644
577
497
768
173
901
963
575
762
380
9
608
290
777
567
296
662
109
485
408
962
92
804
508
316
353
547
189
785
710
573
743
704
928
83
